<<<<<<< HEAD
0
1
0
0
0
0
0
0
0
0
0
0
0
0
0
0
0
0
0
0
0
0
0
1
1
0
0
0
0
0
0
1
0
0
0
0
0
0
0
0
1
1
0
1
1
0
0
0
0
0
0
1
0
0
0
0
0
0
0
0
0
0
0
0
0
0
0
0
0
0
0
0
0
0
0
0
0
0
1
0
1
0
0
1
0
0
0
0
0
1
0
0
0
0
0
0
0
1
1
0
0
0
1
0
0
0
0
1
0
1
0
0
1
1
0
0
1
1
0
0
1
1
0
0
0
1
0
0
0
0
0
0
1
0
0
1
0
1
0
0
0
0
0
1
1
0
0
1
0
0
0
0
0
0
0
0
0
0
0
0
0
1
0
0
0
1
1
1
1
0
0
1
0
0
0
1
0
0
0
0
0
0
0
0
0
0
0
0
0
1
1
1
=======
version https://git-lfs.github.com/spec/v1
oid sha256:2eb3ec2b8b2ac2ac7f1a9ee0c24e4a530efc3226555e21c1c2ef8573ffafc4ee
size 384
>>>>>>> refs/remotes/origin/working
