<<<<<<< HEAD
1
1
0
0
0
0
0
0
0
0
0
0
0
0
0
0
0
0
0
0
0
0
0
0
0
0
0
0
0
0
0
0
0
1
1
0
1
0
0
0
0
0
0
0
0
0
0
0
0
1
0
0
0
0
0
0
0
0
0
0
0
0
1
0
1
0
0
0
0
0
0
0
0
0
0
0
0
0
1
0
0
0
1
0
0
0
1
0
0
0
0
0
0
0
0
1
0
0
0
0
0
0
0
1
0
0
0
0
0
1
0
0
0
1
0
1
0
1
0
0
0
0
0
0
0
0
0
1
0
0
0
0
1
0
1
0
0
1
0
0
0
0
0
0
0
1
0
0
0
1
1
1
0
0
0
1
0
0
0
0
0
1
0
0
0
1
0
0
0
0
1
1
0
1
0
1
1
0
0
1
1
1
1
1
0
1
1
1
0
0
1
0
1
0
0
0
0
0
0
0
0
0
0
0
0
0
0
0
0
=======
version https://git-lfs.github.com/spec/v1
oid sha256:9c2f6d16c36dfa0badcaf2ed7c807a58024d9d97ac3209254a29068c01c87bf4
size 418
>>>>>>> refs/remotes/origin/working
