<<<<<<< HEAD
0
0
0
0
0
0
0
0
0
0
0
0
0
0
0
0
0
0
0
0
0
0
0
0
0
0
0
0
1
0
0
0
0
0
0
0
0
0
0
0
0
0
0
0
1
0
0
0
0
0
0
0
1
0
0
0
0
0
0
0
0
0
0
0
0
0
0
1
1
0
0
0
0
0
0
1
0
0
1
0
0
0
0
1
0
0
0
0
0
1
0
0
0
0
1
0
0
1
1
1
0
1
1
0
0
0
0
1
0
1
0
1
0
0
0
0
1
1
0
0
1
1
0
0
0
0
0
1
0
0
0
0
0
0
1
1
0
1
0
0
0
0
0
0
1
0
0
0
0
0
0
0
0
0
0
0
0
0
0
0
1
1
1
1
0
1
0
0
0
0
0
0
1
0
0
1
0
0
0
0
0
0
0
0
0
0
0
0
1
1
0
0
=======
version https://git-lfs.github.com/spec/v1
oid sha256:734ef8d85d913ce506d5d58ca635079c678443a47175e30332d490e7fc7541e5
size 384
>>>>>>> refs/remotes/origin/working
