<<<<<<< HEAD
0
0
1
0
1
0
0
0
0
0
0
0
0
0
0
0
0
0
0
0
0
0
0
0
1
0
0
0
1
0
0
0
0
0
0
0
0
0
0
0
0
0
0
0
1
1
0
0
0
0
0
0
0
1
0
1
0
1
0
0
1
0
0
0
0
0
0
0
0
0
0
0
0
0
1
0
0
0
0
0
1
0
0
0
0
0
0
0
0
1
0
0
0
0
1
0
0
1
0
0
0
0
1
0
0
0
0
0
0
0
0
1
0
0
0
0
0
1
0
1
1
1
0
1
0
1
0
1
0
0
0
0
1
0
1
1
0
1
0
0
0
0
0
0
1
0
0
0
0
0
0
0
0
0
0
0
0
0
0
0
0
0
1
0
0
1
0
1
1
0
0
1
1
0
0
1
0
0
0
0
0
0
0
0
0
0
0
0
1
1
0
0
=======
version https://git-lfs.github.com/spec/v1
oid sha256:2cfcd47835dd6586dc7bb90bf3a566556624b02eafcd428689a53fc4adf2aecd
size 384
>>>>>>> refs/remotes/origin/working
