<<<<<<< HEAD
1
1
0
0
0
0
0
0
1
0
0
0
0
0
0
0
0
1
0
0
0
0
0
0
0
0
0
0
0
0
0
1
0
1
1
0
1
1
0
0
0
0
0
0
0
0
0
1
0
1
1
0
0
1
0
0
0
0
0
0
0
0
1
0
1
0
0
0
0
1
0
1
1
0
0
0
0
0
1
0
0
0
1
0
0
0
1
0
0
1
0
0
0
0
0
1
0
1
1
0
0
0
0
1
0
0
0
0
0
1
0
0
0
1
0
1
0
1
0
0
0
0
0
0
1
1
0
0
0
0
1
0
0
0
1
0
0
0
0
0
1
1
0
1
1
0
1
0
0
1
1
1
0
0
0
0
0
0
0
0
1
1
1
0
0
1
0
0
0
1
0
0
0
0
0
0
0
0
0
0
0
0
0
0
0
0
0
0
0
0
1
1
0
1
0
0
0
0
0
0
0
0
0
0
0
0
0
0
0
=======
version https://git-lfs.github.com/spec/v1
oid sha256:8ce752c81dff242865d577c43120aa5f97bd172fb583107e2ce6b7d2b10cc728
size 418
>>>>>>> refs/remotes/origin/working
