<<<<<<< HEAD
0
0
0
0
0
0
0
0
0
0
0
0
0
0
0
0
0
0
0
0
0
0
0
1
1
0
0
0
1
0
0
0
0
0
0
0
0
0
0
0
1
1
0
1
1
0
0
0
0
0
0
0
0
1
0
0
0
0
0
0
0
0
0
0
0
0
0
0
0
0
0
0
0
0
0
0
0
0
0
0
0
1
0
0
0
0
0
0
0
1
0
0
0
0
1
0
0
1
0
0
0
0
1
0
0
0
0
0
0
0
0
0
0
1
0
0
0
0
0
1
1
1
0
1
0
1
0
1
0
0
1
0
0
0
0
1
0
1
0
0
0
0
0
0
1
0
0
0
0
0
0
0
0
0
0
0
0
0
0
0
1
0
0
0
0
1
0
1
0
1
0
0
1
0
0
1
1
0
0
0
0
0
0
0
0
0
0
0
0
1
0
0
=======
version https://git-lfs.github.com/spec/v1
oid sha256:2bcc6801d95d0b89873dcf141237245c22a514ed113f14191a75a6233d3b8cf1
size 384
>>>>>>> refs/remotes/origin/working
