<<<<<<< HEAD
0
0
0
0
0
1
0
1
0
0
0
0
0
0
0
0
0
0
0
0
0
0
0
0
0
0
0
0
1
0
0
0
0
0
0
0
0
0
0
0
0
0
0
0
1
0
0
0
0
0
0
0
0
0
0
0
0
0
0
0
0
0
0
0
1
0
0
0
0
0
0
0
0
0
0
0
0
0
1
0
0
1
0
1
0
0
0
0
0
1
0
0
0
0
0
0
0
1
1
1
0
0
1
0
0
0
0
0
0
1
0
0
1
0
0
0
1
0
0
0
1
1
0
0
0
1
0
0
0
0
0
0
1
0
0
1
0
1
0
0
0
0
0
0
0
0
0
0
0
0
0
1
0
0
0
0
0
0
0
0
1
1
0
0
0
1
1
1
0
0
0
0
0
0
0
1
0
0
0
0
0
0
0
0
0
0
0
0
1
1
0
0
=======
version https://git-lfs.github.com/spec/v1
oid sha256:082b4d917c732567ef2d9a14bfaad77adb8bab94fb691ef58d364b3b56764284
size 384
>>>>>>> refs/remotes/origin/working
