<<<<<<< HEAD
0
1
0
0
0
0
0
0
0
0
0
0
0
0
0
0
0
0
0
0
0
0
0
0
1
0
0
0
1
0
0
0
1
0
0
0
0
0
0
0
0
0
0
0
1
0
0
0
0
0
0
0
0
1
0
0
0
0
0
0
0
0
0
0
0
0
0
0
0
0
0
0
0
0
0
0
1
0
0
1
0
1
0
0
0
0
0
0
0
1
0
0
0
0
0
0
0
0
1
1
0
0
1
0
0
0
0
1
0
1
0
0
0
1
0
0
1
0
0
1
1
1
0
0
0
1
0
0
0
0
0
0
0
0
1
1
0
1
0
0
1
1
0
0
1
0
1
0
0
0
0
0
0
0
0
0
0
0
0
0
1
1
1
0
0
1
0
1
0
0
0
0
0
0
0
1
1
0
0
0
0
0
0
0
0
0
0
1
0
0
0
0
=======
version https://git-lfs.github.com/spec/v1
oid sha256:c2c5b6856eac3c121c91b1ccf22ee54f461f0e0558625bb6484dac7ad063ca3c
size 384
>>>>>>> refs/remotes/origin/working
