<<<<<<< HEAD
0
1
0
0
0
0
0
0
0
0
0
0
0
0
0
0
0
1
1
1
0
0
0
0
1
1
0
0
1
0
0
0
0
0
0
0
0
1
0
0
0
0
0
0
1
0
0
0
1
1
0
0
0
1
0
0
0
0
0
0
0
0
0
0
0
0
0
0
0
0
0
0
1
0
0
0
0
0
1
1
0
0
0
1
0
0
0
0
0
1
0
0
0
0
1
0
0
1
1
0
0
1
1
0
0
0
0
1
0
1
0
0
1
0
0
0
1
1
0
1
1
1
0
1
0
0
0
0
0
0
0
1
1
0
0
0
0
1
0
0
0
0
0
0
1
0
0
0
0
0
0
1
0
0
0
0
0
0
0
0
0
1
1
1
0
1
0
1
0
0
0
0
1
0
0
1
0
0
0
0
0
0
0
0
0
0
0
1
1
1
0
0
=======
version https://git-lfs.github.com/spec/v1
oid sha256:6f921eaddcd78902277139228a4b60826cd26000484107d343147e8bb5c265fb
size 384
>>>>>>> refs/remotes/origin/working
